5.3
5.6392
6.0218084416
6.45220248015846
6.93477832975049
7.47372919276573
8.07273527958615
8.73455431625956
9.46051022596929
10.2498942635079
11.0993178401525
12.002088454701
12.9477145553505
13.921671788382
14.9055675588394
15.8778083077891
16.8147966978704
17.6925722109465
18.4886870367574
19.184022253992
19.7642361061186
20.2206103127195
20.5501993031683
20.7553414810264
20.8427092976916
20.822125998066
20.705362084554
20.5050669550997
20.2339201750427
19.9040249421243
19.5265241885392
19.1113981318218
18.6673961858757
18.2020598356813
17.7218011789597
17.2320108909392
16.737177515552
16.2410064953191
15.7465321455136
15.256219087154
14.7720518065952
14.2956123246572
13.8281466982929
13.3706214418616
12.9237710850482
12.4881380769206
12.0641061636732
11.651928250935
11.2517496339912
10.8636273544486
10.4875463267865
10.1234327759647
9.77116543853842
9.43058490402446
9.10150140941092
8.78370134627469
8.47695269552675
8.18100956797352
7.89561599843825
7.62050911606191
7.3554217926834
7.10008485411606
6.85422892504918
6.61758596667874
6.38989055657144
6.17088095233288
5.96029997408748
5.7578957353455
5.56342224733341
5.3766399181377
5.19731596492875
5.02522475498302
4.86014808912313
4.70187543947527
4.55020415204623
4.40493962350159
4.26589546064787
4.13289363045543
4.00576460798585
3.88434752929209
3.76849035623246
3.65805006017723
3.55289283178892
3.45289432443174
3.35793993932193
3.26792516128677
3.18275595497871
3.10234923262278
3.02663340589903
2.95554903642562
2.88904960157275
2.82710239507694
2.76968958522971
2.7168094573961
2.66847787241105
2.62472997817015
2.58562221867405
2.55123469314395
2.52167392788717
2.49707613570417
2.47761105220228
2.4634864559022
2.45495350005534
2.4523130092762
2.45592292415195
2.46620711268475
2.48366580951314
2.50888799301283
2.54256606699354
2.58551327764849
2.63868436654236
2.70320003389988
2.78037585761692
2.87175637206765
2.97915503965903
3.1047008190887
3.25089190308793
3.42065689709244
3.61742313719514
3.8451908534187
4.10861026592287
4.41305617977725
4.76469086958964
5.1705006241677
5.63828389439358
6.17655941287282
6.79435135404099
7.50079714258326
8.30451543180972
9.21267351083258
10.229714881255
11.3557614504489
12.5848016313212
13.9029158958647
15.286951033571
16.7041732514069
18.1134155849229
19.4679986642512
20.7202334002735
21.8267399472191
22.7533999847816
23.4787543247193
23.9951259593288
24.3074779365752
24.4306511471736
24.3859095971886
24.1976250688354
23.8906189180787
23.4883413020461
23.0118279696643
22.4792587552944
21.9059204059795
21.3044056189931
20.684925993562
20.0556599219975
19.4230899005165
18.7923065609294
18.1672708650626
17.5510338890366
16.945917635887
16.3536619497663
15.7755429232791
15.2124678469606
14.6650511277662
14.1336749095577
13.618537467
13.1196918599686
12.6370768416267
12.1705416069913
11.7198656403467
11.2847746573823
10.8649534297232
10.4600561151076
10.0697145869697
9.69354515529766
9.33115399045966
8.98214149855182
8.6461058470188
8.32264579993849
8.01136299118511
7.711863738924
7.42376048517215
7.14667292840932
6.88022890460824
6.6240650619162
6.3778273660513
6.14117146687502
5.9137629512513
5.69527750295316
5.48540098683416
5.28382947158779
5.09026920304938
4.90443653805412
4.72605784727215
4.55486939413497
4.39061719589596
4.23305687199162
4.08195348415621
3.93708137216642
3.79822398863184
3.66517373588746
3.53773180777195
3.41570803888112
3.29892076376303
3.18719668846481
3.08037077684886
2.97828615416798
2.88079403052569
2.78775364705408
2.69903224792264
2.61450508165547
2.53405543569292
2.45757470870094
2.38496252582545
2.31612690293309
2.25098446690185
2.18946074026139
2.13149049997669
2.07701822197562
2.02599862520846
1.97839733168017
1.93419166212011
1.89337159088034
1.85594088844728
1.82191848581971
1.79134010220701
1.76426018636308
1.74075423280351
1.72092154767636
1.7048885558256
1.69281276142996
1.68488750056597
1.68134765645595
1.68247654868728
1.68861425842539
1.70016771521096
1.71762295058743
1.74156002354288
1.77267124739823
1.81178350301789
1.85988561550607
1.91816200771624
1.98803413030545
2.07121150884006
2.1697546422068
2.28615242044077
2.42341716943823
2.5852008011785
2.77593570981327
3.00100375232716
3.26693545139235
3.5816387385382
3.95465098034097
4.39739798601602
4.92342676991133
5.54855198525621
6.29081603002658
7.17010833746739
8.20722416745734
9.42208347051287
10.8308146720272
12.4415069467242
14.2487460697429
16.2276570073229
18.3290418889276
20.4780046172448
22.578521040887
24.525006101218
26.2190021044724
27.5860275774498
28.5866654918655
29.2183499683672
29.5086169483608
29.5038511245237
29.2580300446092
28.8242790280983
28.2499558819277
27.5746489651866
26.8300495124541
26.0407850425003
25.2256015911302
24.3985561978012
23.5700672172442
22.7477761330565
21.93722634036
21.1423848645365
20.3660376210664
19.6100864885473
18.8757717563073
18.1638385491803
17.4746614698429
16.8083381642793
16.1647597758351
15.5436641830557
14.9446763756848
14.3673391860928
13.8111367577891
13.2755125194077
12.7598829822037
12.2636483476834
