10.4
10.7848
11.1472555584
11.4792421824335
11.7717100300542
12.0148219365538
12.1982006563126
12.3113102675239
12.3439901092409
12.2871447724952
12.1335684548349
11.8788462876154
11.5222328146633
11.0673679527374
10.5226684264911
9.90124513357202
9.22025647320063
8.49971217479776
7.76086855628085
7.02446402764125
6.30909104784261
5.62996559130283
4.99824909156255
4.42094135981828
3.90124460629571
3.43923154858023
3.03264126154184
2.67765962115278
2.36959308890949
2.10339489282807
1.87404018908272
1.67676889527599
1.50722411652408
1.36151478977063
1.23622738414429
1.12840608957937
1.03551557739118
0.955395898967227
0.886215619866998
0.826426798194109
0.774723727104134
0.730006272217697
0.691347970095366
0.657968675903492
0.629211355873721
0.604522542628108
0.583435961635128
0.56555886437358
0.55056064907359
0.538163401673176
0.528134041307963
0.520277802775977
0.514432831413523
0.510465703213167
0.508267714954909
0.507751816060649
0.508850076403054
0.51151160301149
0.51570083409886
0.521396151606568
0.528588763987185
0.537281819606042
0.547489718272818
0.559237594285846
0.57256094921172
0.587505416616479
0.604126644264052
0.622490282026291
0.642672066006925
0.664757991249922
0.688844566945861
0.715039149319567
0.743460348418902
0.774238505859533
0.807516241236922
0.843449065411034
0.882206059211683
0.923970616307263
0.968941249026274
1.01733245581297
1.06937564872408
1.12532013891518
1.18543417739877
1.25000604745028
1.31934520385335
1.39378345266243
1.47367616325864
1.5594035021087
1.65137167471732
1.75001415867933
1.85579290635631
1.96919949036128
2.09075615853795
2.22101675723079
2.36056747207076
2.51002732390159
2.67004834342202
2.84131533111315
3.02454508844435
3.22048498147185
3.42991066787805
3.65362278219906
3.89244233020775
4.14720449070337
4.41875045961987
4.70791689548678
5.01552243474481
5.34235063799163
5.68912860170966
6.05650032252883
6.44499373155662
6.8549801253775
7.28662451158844
7.73982516887599
8.21414051160074
8.70870117662878
9.22210516576259
9.7522939605532
10.2964079010166
10.8506199703967
11.4099487210915
11.9680537814984
12.5170216848298
13.0471562471029
13.5467970141495
14.002201871168
14.39754572189
14.7151049941562
14.9357142687005
15.0395898565883
15.0076046328255
14.8230538853357
14.4738580961257
13.9549989949807
13.270797130988
12.4364686135982
11.4783415252498
10.432272559797
9.34022240758642
8.24552654131264
7.18789429457954
6.19931444176272
5.30173093392305
4.50672970235659
3.81686304750727
3.22789622588104
2.73125503067593
2.31616913144009
1.97127721257917
1.68567184201124
1.44947840337556
1.25409945878246
1.09224638082017
0.957851955765287
0.845927663606227
0.752404777931823
0.673980951512207
0.607982670577863
0.552247252353349
0.50502440265334
0.464895579577376
0.430708730235849
0.401525875344408
0.37658120944141
0.355247691388994
0.337010429789374
0.321445476821854
0.308202913678987
0.29699333688035
0.287577039564566
0.279755330475924
0.273363551582534
0.268265448651682
0.264348622563922
0.261520846787903
0.259707081624912
0.258847051260604
0.258893277465002
0.259809485636412
0.261569316099529
0.264155287162193
0.267557967201678
0.271775321605781
0.276812207215004
0.282679992372064
0.289396285073804
0.296984755264674
0.305475040187211
0.314902724052149
0.325309385217714
0.336742705660311
0.349256638844638
0.362911633213941
0.377774909463002
0.393920790560971
0.411431084185062
0.430395517830227
0.450912227390692
0.473088300479393
0.497040376170466
0.522895303224915
0.550790859195169
0.580876533102686
0.613314374644765
0.648279913110495
0.685963149367799
0.726569624417823
0.770321568091001
0.817459131469773
0.868241706551328
0.922949336491213
0.981884219471754
1.04537230878848
1.11376501110689
1.18744098396586
1.2668080324367
1.35230510332038
1.44440437329347
1.54361342489188
1.65047750102029
1.76558182463207
1.8895539651418
2.02306622675953
2.16683802596573
2.32163821539232
2.48828729895754
2.66765946761937
2.86068436581016
3.06834847454809
3.29169596720112
3.53182885641183
3.78990620389569
4.06714210633369
4.36480209741415
4.68419751449582
5.02667726367786
5.39361627342397
5.78639974705317
6.20640209949089
6.65495918292948
7.13333205678424
7.64266012506441
8.18390093342235
8.75775327368353
9.3645594745947
10.004181863386
10.6758473852756
11.3779533314326
12.1078261905797
12.8614250768254
13.6329814845814
14.4145691129922
15.1956025418172
15.9622737256921
16.6969536576684
17.3776172007172
17.9773966246012
18.4644373721734
18.8023165721804
18.9513767939228
18.871386165041
18.5258860583165
17.8883164026774
16.9494040985486
15.7243593055204
14.2574272391429
12.6209590823338
10.9072194977774
9.21387300527418
7.6273360185926
6.20971724275222
4.99344069842365
3.98384938255348
3.16681697288595
2.51749753537927
2.00750212828984
1.60952930488265
1.29969562378604
1.05828172405189
0.869589568672187
0.721404679522754
0.604352430363623
0.511290881741303
0.436795456595955
0.376745795063781
0.328005338828591
0.288177668211796
0.255423286027332
0.228322654467942
0.205774030244746
0.186917230336976
0.171076627837111
0.157718386215544
0.146418242720876
0.136837124614491
0.128702600394367
0.121794695289879
0.115934985935751
0.110978171097694
0.106805521728631
